x
1 0.1 1 0 1 0.1 1 0 1
x
0.8999999999999999 0.5 1 0 0.9999999999999999 0 0.7999999999999999 0 0.7
x
0.8999999999999999 0.1 1 0.2 1 0.1 0.6 0.30000000000000004 1
x
1 0.1 1 0 1 0 0 1 1
x
1 0.5 1 0 1 1 1 0.1 0
x
0.9999999999999999 0 1 0.8999999999999999 1 0.7 1 0.1 0
x
0.8999999999999999 0.4 0.30000000000000004 1 1 1 0 0 0
o
0 0.9999999999999999 0 1 0.2 0.8999999999999999 0 0.6 0.1
o
0 0.8999999999999999 0 1 0.4 0.6 0.30000000000000004 1 0.2
o
0 1 0 1 0 1 0 1 0
o
1 1 0 1 0.5 1 0 1 0.6
o
0 1 0 0.9999999999999999 0.7 1 0 1 0.30000000000000004
o
0 1 0 1 0 1 0 1 1
o
0 1 0.8999999999999999 1 0.1 1 0 1 0
o
0 1 0.2 1 0.5 1 0 1 0
o
0 1 0 1 0.4 1 0.30000000000000004 0.9999999999999999 0
o
0.7 1 0 0.9999999999999999 0 0.8999999999999999 0 1 0
o
0.7 1 0.4 0.9999999999999999 0.4 0.8999999999999999 0 1 0
o
0 1 0 1 0.1 1 0 1 0.4
x
0.6 0.1 1 0.1 1 0 0.7 0.2 0.7999999999999999
x
0.4 0.2 0.7999999999999999 0.1 1 0.2 1 0.4 0.8999999999999999
x
0.6 0.30000000000000004 1 0 1 0 0.7999999999999999 0.4 0.9999999999999999
x
1 0.30000000000000004 0.7999999999999999 0 1 0.4 0.7 0.4 1
x
1 0.30000000000000004 1 0 1 0.2 0.7999999999999999 0.4 0.8999999999999999
x
1 0.1 0.6 0.2 1 0.4 0.7 0.1 1
x
0.2 0 0.6 0.1 1 0.1 0.6 0.30000000000000004 0.4
